ID	Pop	Ploidy	Loc1	Loc2	Loc3	Loc4	Loc5	Loc5	Loc7	Loc8	Loc9	Loc10
Ind1	pop1	4	1,1,4,4	1,3,4,4	1,1,2,4	1,2,2,4	2,3,4,4	1,4,4,4	1,1,2,3	2,3,3,3	1,2,2,3	2,2,4,4
Ind2	pop1	4	2,2,2,4	1,2,3,4	1,1,3,4	2,2,3,4	1,2,2,4	1,2,4,4	1,1,4,4	1,2,2,3	2,2,4,4	1,2,2,4
Ind3	pop1	4	4,4,4,4	1,1,1,1	1,3,4,4	1,2,2,4	2,3,4,4	1,2,2,4	1,2,3,3	1,2,2,3	2,2,2,4	2,2,4,4
Ind4	pop1	4	4,4,4,4	2,3,3,3	2,2,3,4	2,2,2,3	2,3,4,4	1,2,4,4	1,2,2,4	1,2,3,3	1,2,3,4	1,3,4,4
Ind5	pop1	4	1,4,4,4	2,3,3,4	1,2,3,4	1,2,4,4	1,3,3,4	2,2,2,4	2,4,4,4	1,2,2,3	2,2,4,4	1,2,2,2
Ind6	pop1	4	1,3,4,4	1,3,3,4	1,2,3,4	1,1,2,3	1,1,2,4	2,2,4,4	1,2,3,4	1,2,2,3	1,2,4,4	2,2,4,4
Ind7	pop1	4	4,4,4,4	1,3,3,4	1,2,3,4	1,1,3,4	1,2,3,3	1,2,3,4	1,3,4,4	2,2,3,3	4,4,4,4	1,2,3,4
Ind8	pop1	4	1,4,4,4	1,1,2,3	1,1,2,4	1,2,2,2	2,2,2,4	1,2,2,4	1,1,2,3	1,2,3,4	4,4,4,4	2,2,4,4
Ind9	pop1	4	1,4,4,4	1,1,2,3	1,2,3,4	1,2,3,4	1,1,2,4	1,1,2,4	1,1,2,3	2,2,3,4	1,2,2,4	2,2,4,4
Ind10	pop1	4	4,4,4,4	1,1,2,2	2,2,2,3	2,3,3,4	1,2,2,3	2,4,4,4	1,1,2,3	1,2,2,3	2,2,3,4	1,1,2,4
Ind11	pop1	4	1,4,4,4	1,1,4,4	1,1,2,4	1,1,3,3	4,4,4,4	1,2,2,4	1,2,4,4	2,2,2,3	2,2,4,4	2,4,4,4
Ind12	pop1	4	2,4,4,4	1,2,2,2	1,3,3,4	2,2,2,2	3,3,3,4	2,2,4,4	3,3,4,4	2,2,2,3	2,2,3,4	1,1,4,4
Ind13	pop1	4	2,4,4,4	2,2,3,4	1,2,3,4	1,2,2,2	1,1,3,4	2,2,2,3	1,1,2,4	1,1,1,3	1,1,4,4	1,2,2,3
Ind14	pop1	4	1,1,4,4	1,2,2,3	2,2,3,4	1,2,4,4	1,2,4,4	3,4,4,4	1,2,2,2	2,2,2,2	2,2,2,4	2,2,4,4
Ind15	pop1	4	1,3,4,4	1,1,2,4	2,2,4,4	2,2,3,4	2,4,4,4	2,2,3,4	1,1,2,3	1,3,3,3	2,4,4,4	1,2,2,3
Ind16	pop1	4	2,2,3,4	1,1,2,3	1,2,2,4	1,2,2,3	1,1,2,4	1,2,2,4	2,3,4,4	1,1,1,2	2,2,2,2	1,1,2,3
Ind17	pop1	4	1,1,4,4	1,1,4,4	2,2,2,2	1,1,1,3	1,4,4,4	1,1,2,4	1,1,2,2	1,2,2,3	2,2,2,2	2,2,2,4
Ind18	pop1	4	1,4,4,4	2,2,3,4	1,2,2,2	2,2,4,4	1,2,2,2	1,2,2,2	1,1,2,4	1,1,2,2	1,2,2,4	2,2,2,3
Ind19	pop1	4	3,3,4,4	1,2,2,3	1,2,4,4	1,2,3,4	2,4,4,4	1,2,2,4	1,2,3,4	1,1,2,3	1,2,2,4	2,2,2,4
Ind20	pop1	4	3,4,4,4	1,3,4,4	2,2,3,4	2,3,3,4	2,3,3,4	1,1,2,2	2,3,4,4	1,2,3,3	1,2,2,4	1,2,4,4
Ind21	pop1	4	1,3,4,4	1,1,2,2	1,1,2,2	2,2,3,4	2,3,3,4	2,2,2,4	2,4,4,4	1,1,2,2	2,2,2,4	1,2,4,4
Ind22	pop1	4	1,3,4,4	1,2,4,4	1,2,2,3	1,1,3,3	2,2,2,4	1,2,4,4	1,3,3,4	1,1,2,2	2,2,2,3	1,2,3,4
Ind23	pop1	4	1,2,2,4	2,2,2,3	2,3,4,4	2,2,2,4	2,2,2,4	1,2,2,4	1,1,1,1	1,2,3,3	3,4,4,4	1,2,2,2
Ind24	pop1	4	1,4,4,4	1,2,2,2	2,3,4,4	1,2,2,4	1,2,2,4	1,2,4,4	1,1,1,2	2,2,2,2	2,4,4,4	2,3,4,4
Ind25	pop1	4	4,4,4,4	1,1,3,4	3,3,4,4	1,1,4,4	2,2,2,4	1,2,4,4	1,2,4,4	2,2,2,3	2,2,4,4	2,3,3,4
Ind26	pop1	4	4,4,4,4	1,1,1,2	1,1,2,2	1,2,3,4	3,4,4,4	2,2,4,4	3,3,3,4	1,2,2,2	2,2,4,4	1,2,4,4
Ind27	pop1	4	2,2,3,3	1,1,1,2	1,1,1,2	1,2,2,2	1,1,2,4	2,2,4,4	1,1,3,3	2,2,3,4	4,4,4,4	1,2,3,3
Ind28	pop1	4	1,2,2,4	2,2,3,4	1,2,3,3	2,2,3,4	1,1,3,4	2,2,2,4	1,3,4,4	1,2,2,2	1,1,2,4	1,3,4,4
Ind29	pop1	4	4,4,4,4	1,2,4,4	2,2,3,3	1,3,3,3	2,2,2,3	1,2,2,4	1,1,4,4	1,1,1,2	1,2,3,4	1,2,3,4
Ind30	pop1	4	1,4,4,4	1,1,3,3	2,2,4,4	1,2,2,3	1,2,4,4	2,2,2,4	1,2,3,4	1,2,2,4	3,4,4,4	2,2,4,4
Ind31	pop2	4	1,2,3,3	2,2,3,4	1,3,4,4	1,1,2,3	1,3,4,4	2,3,4,4	1,2,3,3	2,2,3,3	2,2,2,4	1,3,4,4
Ind32	pop2	4	1,1,1,2	3,3,3,3	2,2,3,3	1,1,2,4	1,2,2,4	2,3,3,3	2,3,4,4	1,1,3,3	1,1,1,2	1,1,3,4
Ind33	pop2	4	1,2,3,4	1,2,3,3	1,1,2,4	1,2,2,3	1,2,2,4	2,4,4,4	1,2,3,4	1,3,3,4	1,1,1,4	1,2,3,4
Ind34	pop2	4	1,1,3,4	1,3,4,4	2,3,3,3	2,2,3,3	1,3,4,4	2,4,4,4	1,3,3,4	1,2,3,4	1,2,3,3	1,1,3,3
Ind35	pop2	4	1,2,3,3	1,2,2,4	3,3,3,4	1,1,3,3	1,3,4,4	2,3,4,4	1,2,3,4	2,2,3,3	1,2,3,3	1,1,1,4
Ind36	pop2	4	2,3,3,3	1,3,3,4	2,2,2,2	1,2,3,4	1,2,2,4	2,2,3,4	3,3,4,4	1,1,2,3	2,3,4,4	1,3,3,4
Ind37	pop2	4	1,2,3,3	1,2,2,3	2,2,3,3	1,2,2,3	2,3,4,4	2,2,2,4	1,1,3,4	1,1,2,3	1,1,3,3	1,1,2,4
Ind38	pop2	4	1,1,4,4	1,2,3,3	2,2,3,4	1,1,2,3	1,2,2,3	3,4,4,4	3,3,3,4	1,3,3,3	1,1,2,4	1,1,2,3
Ind39	pop2	4	1,1,3,3	1,1,2,4	2,4,4,4	1,1,1,2	1,4,4,4	3,3,4,4	1,1,2,2	1,1,1,3	1,1,1,4	2,2,3,3
Ind40	pop2	4	1,1,3,4	1,2,2,3	1,2,3,4	1,1,1,2	2,2,2,2	1,4,4,4	1,1,1,1	1,1,3,3	1,1,1,3	1,1,1,3
Ind41	pop2	4	3,3,3,3	2,2,3,4	1,1,2,3	1,2,2,3	1,1,4,4	2,4,4,4	1,3,3,4	1,3,3,3	1,2,2,4	1,1,2,3
Ind42	pop2	4	1,3,3,3	1,2,3,4	2,3,4,4	2,2,2,4	1,4,4,4	2,3,4,4	1,1,2,4	1,3,3,3	1,1,1,2	1,2,2,4
Ind43	pop2	4	1,2,3,3	2,3,3,3	2,3,3,4	1,1,2,4	2,2,4,4	3,3,4,4	1,2,2,3	1,2,3,3	1,2,4,4	2,3,4,4
Ind44	pop2	4	1,1,2,3	1,2,2,4	2,2,2,3	1,1,2,3	3,3,4,4	2,3,4,4	2,3,4,4	1,2,3,4	1,3,4,4	1,1,3,3
Ind45	pop2	4	1,1,3,3	1,2,4,4	2,4,4,4	2,2,4,4	2,4,4,4	2,2,3,4	1,1,3,4	1,3,3,3	1,1,2,3	1,1,1,2
Ind46	pop2	4	2,2,3,4	2,2,3,3	1,3,4,4	1,1,2,4	1,3,4,4	1,3,3,4	1,1,2,2	1,2,2,3	1,1,1,2	1,1,3,4
Ind47	pop2	4	1,1,3,4	2,3,3,4	1,2,2,4	2,2,2,2	2,2,4,4	2,4,4,4	1,1,4,4	1,1,3,3	1,1,1,3	1,1,1,3
Ind48	pop2	4	1,1,3,4	1,2,4,4	1,2,3,3	1,1,3,3	2,2,4,4	2,4,4,4	1,2,3,4	1,3,3,4	1,1,2,4	1,1,1,1
Ind49	pop2	4	1,1,1,3	1,2,2,2	3,3,4,4	2,2,4,4	2,2,2,4	1,3,4,4	1,1,1,2	1,2,3,3	1,1,2,2	1,2,2,3
Ind50	pop2	4	1,1,1,1	1,1,2,4	1,2,3,3	1,2,3,3	2,3,4,4	2,2,3,4	1,2,3,4	3,3,3,4	1,1,2,4	1,4,4,4
Ind51	pop2	4	1,1,1,3	2,3,3,4	1,1,4,4	1,1,1,2	1,2,2,2	2,3,4,4	1,2,3,4	1,1,3,4	1,1,1,1	1,2,4,4
Ind52	pop2	4	1,3,3,3	2,2,2,4	2,2,3,3	1,1,1,2	1,1,4,4	2,2,4,4	1,1,1,4	1,2,2,3	1,1,3,3	1,1,1,2
Ind53	pop2	4	1,1,1,3	1,1,1,2	1,1,2,3	2,2,4,4	1,2,2,4	1,3,4,4	1,2,4,4	1,1,2,2	1,2,2,4	1,3,3,3
Ind54	pop2	4	1,1,3,4	2,3,4,4	3,4,4,4	2,2,3,4	1,2,2,4	1,3,3,4	1,2,3,4	2,2,3,3	1,2,2,3	1,2,2,2
Ind55	pop2	4	1,1,1,3	3,4,4,4	1,2,2,4	1,1,3,4	2,2,2,3	2,2,3,4	1,2,3,4	1,3,3,3	1,2,2,4	1,1,4,4
Ind56	pop2	4	1,3,3,4	2,2,2,3	1,1,2,4	1,1,1,2	1,1,2,4	2,3,4,4	1,2,2,3	1,1,3,3	2,2,2,3	1,1,2,3
Ind57	pop2	4	1,1,3,4	1,3,3,4	1,3,4,4	1,2,2,4	1,2,4,4	2,3,4,4	1,1,4,4	1,1,3,3	1,1,3,4	1,1,4,4
Ind58	pop2	4	1,1,3,4	2,2,3,4	1,3,4,4	1,2,2,2	2,2,4,4	4,4,4,4	1,1,3,4	1,1,3,3	1,1,1,4	1,3,3,4
Ind59	pop2	4	1,3,3,4	1,1,1,1	1,3,3,3	1,1,2,4	1,1,4,4	1,4,4,4	1,2,3,4	1,2,2,2	1,1,1,2	1,1,1,3
Ind60	pop2	4	1,3,3,4	2,3,4,4	3,3,4,4	1,2,2,3	1,1,1,4	1,3,3,4	1,3,3,4	1,3,3,3	1,1,1,3	1,1,2,3
Ind61	pop3	4	1,2,2,3	2,2,3,4	1,1,3,3	1,2,4,4	3,4,4,4	1,3,4,4	3,3,3,4	1,3,4,4	2,2,3,4	2,3,4,4
Ind62	pop3	4	2,2,3,3	1,1,1,2	1,3,3,4	2,2,4,4	1,3,4,4	2,3,4,4	1,1,3,4	1,1,2,3	1,1,3,3	1,2,4,4
Ind63	pop3	4	2,2,3,4	1,2,2,3	2,3,3,3	2,3,4,4	2,3,4,4	2,3,4,4	1,1,2,4	1,1,2,3	1,2,3,4	1,2,3,4
Ind64	pop3	4	2,2,2,3	1,2,3,3	1,2,3,4	2,2,3,4	2,3,3,4	3,3,3,4	1,1,2,4	1,1,1,4	1,1,1,4	1,1,2,4
Ind65	pop3	4	1,2,2,4	1,2,3,4	2,2,2,3	2,2,4,4	4,4,4,4	2,2,3,3	1,1,2,2	1,3,4,4	1,2,3,3	1,2,4,4
Ind66	pop3	4	1,2,2,4	2,2,3,3	1,2,3,3	1,3,4,4	1,3,3,4	2,3,3,4	1,1,4,4	1,3,3,4	1,2,3,4	3,4,4,4
Ind67	pop3	4	1,2,3,3	1,1,1,2	2,3,3,3	1,2,3,4	1,3,4,4	3,4,4,4	1,1,3,3	1,2,3,3	1,2,3,3	1,1,4,4
Ind68	pop3	4	2,2,3,3	1,2,2,3	1,2,3,3	2,4,4,4	1,3,3,4	3,3,3,4	1,3,4,4	1,3,4,4	1,3,3,4	1,1,2,4
Ind69	pop3	4	1,3,3,4	3,4,4,4	2,3,3,3	1,2,2,2	3,4,4,4	3,3,4,4	2,3,3,3	1,3,3,3	2,2,2,4	1,2,2,2
Ind70	pop3	4	2,2,2,3	1,2,2,2	1,1,2,3	1,3,3,4	2,3,4,4	3,4,4,4	1,1,3,4	1,3,3,4	1,1,1,4	1,2,3,4
Ind71	pop3	4	1,1,2,3	1,1,1,4	1,1,2,3	2,2,3,3	3,3,4,4	3,3,4,4	1,3,3,4	1,3,3,4	1,2,2,3	1,1,1,4
Ind72	pop3	4	1,2,3,3	1,1,1,2	2,2,3,3	2,2,2,3	3,3,3,3	3,3,4,4	1,1,2,3	1,1,2,2	1,2,2,2	1,1,2,3
Ind73	pop3	4	1,2,3,3	1,1,4,4	1,1,1,3	1,3,3,4	2,3,3,4	2,3,4,4	1,1,2,4	1,2,3,3	1,1,3,3	1,1,2,3
Ind74	pop3	4	1,2,3,4	3,3,4,4	1,2,3,3	2,2,2,4	2,3,3,4	3,3,4,4	2,2,3,3	1,3,3,3	1,2,2,3	1,1,2,4
Ind75	pop3	4	2,2,3,3	1,1,3,4	1,2,2,2	1,2,2,3	4,4,4,4	1,3,3,4	1,2,2,4	1,3,3,3	3,3,3,3	3,3,3,4
Ind76	pop3	4	2,3,3,3	2,2,2,4	1,3,3,3	1,2,4,4	2,2,4,4	3,3,4,4	1,1,4,4	1,1,3,3	1,3,3,4	3,3,4,4
Ind77	pop3	4	1,2,3,3	2,3,3,4	1,1,2,2	2,3,3,3	1,3,3,4	3,3,4,4	1,1,1,1	3,3,3,4	2,3,3,3	3,4,4,4
Ind78	pop3	4	2,2,3,3	1,2,3,3	1,1,2,2	2,3,3,4	3,4,4,4	1,3,3,4	1,3,3,4	1,2,4,4	2,3,3,4	1,2,3,4
Ind79	pop3	4	1,1,2,3	2,2,3,4	2,3,3,3	1,3,3,4	1,3,4,4	3,4,4,4	1,3,3,4	1,3,3,4	3,3,3,3	1,2,4,4
Ind80	pop3	4	1,2,3,3	2,2,3,3	2,3,3,3	1,2,2,4	1,3,4,4	2,3,3,4	1,1,3,4	1,2,4,4	1,2,3,4	1,2,4,4
Ind81	pop3	4	2,2,2,3	3,3,3,3	1,2,2,3	1,2,3,4	3,3,4,4	1,3,4,4	3,3,3,4	1,2,2,3	1,2,2,3	1,2,3,4
Ind82	pop3	4	1,3,3,3	1,1,1,2	1,2,3,3	2,2,4,4	1,2,3,4	3,3,4,4	1,1,3,3	1,1,2,3	1,1,2,3	1,1,2,3
Ind83	pop3	4	2,2,2,3	1,1,2,2	1,1,2,3	1,3,3,4	2,4,4,4	3,3,4,4	1,3,3,4	1,1,3,4	1,1,1,3	1,1,1,2
Ind84	pop3	4	1,2,2,2	1,2,2,3	1,2,2,3	1,1,3,4	3,4,4,4	4,4,4,4	1,1,2,4	1,1,4,4	1,1,1,3	1,2,2,3
Ind85	pop3	4	1,2,2,3	1,1,1,3	1,2,2,4	2,2,3,4	1,2,3,4	4,4,4,4	1,3,3,4	1,3,3,4	1,1,3,4	1,1,2,4
Ind86	pop3	4	2,2,2,3	2,2,3,3	2,2,3,3	2,2,2,4	1,3,4,4	3,3,3,4	1,1,1,4	1,3,3,3	1,1,1,4	1,1,4,4
Ind87	pop3	4	2,2,2,3	1,2,3,3	1,2,3,3	1,2,2,4	3,4,4,4	3,3,3,4	1,1,3,4	1,1,2,3	1,1,1,3	1,1,2,4
Ind88	pop3	4	1,2,3,3	2,2,2,3	3,3,3,3	1,1,2,4	1,2,3,4	2,3,3,4	1,1,1,4	1,3,3,4	1,2,3,4	2,4,4,4
Ind89	pop3	4	2,2,3,3	1,2,3,3	2,2,3,3	2,2,3,3	1,3,3,4	1,3,4,4	1,1,3,4	1,3,3,3	1,1,2,3	2,4,4,4
Ind90	pop3	4	2,2,3,3	1,1,1,1	1,2,2,4	2,3,4,4	3,4,4,4	2,4,4,4	1,1,1,4	1,3,4,4	1,3,3,4	1,2,2,4
Ind91	pop4	4	1,2,3,3	1,1,1,2	2,3,4,4	1,2,2,4	1,3,3,3	1,1,2,3	1,3,4,4	1,3,4,4	2,3,4,4	3,3,4,4
Ind92	pop4	4	1,1,1,2	1,1,2,4	1,3,4,4	1,3,3,4	1,1,3,4	1,1,1,2	1,1,1,3	2,4,4,4	1,2,3,4	4,4,4,4
Ind93	pop4	4	1,1,2,4	1,2,3,3	2,3,4,4	2,2,3,4	1,3,4,4	1,2,4,4	1,1,2,4	2,3,3,4	1,2,3,4	1,3,3,4
Ind94	pop4	4	2,2,3,3	1,1,1,2	1,2,3,4	1,2,4,4	1,1,3,3	1,2,2,4	1,2,4,4	1,2,3,3	2,2,2,3	2,3,3,3
Ind95	pop4	4	1,3,3,4	1,1,3,3	1,1,4,4	1,1,1,3	1,1,1,3	1,3,4,4	1,1,2,2	1,1,2,3	2,2,4,4	1,1,2,3
Ind96	pop4	4	2,2,3,3	1,1,2,3	2,3,3,4	1,2,3,3	1,1,1,1	3,3,4,4	1,3,3,4	3,3,4,4	1,4,4,4	3,3,4,4
Ind97	pop4	4	1,1,1,3	3,3,4,4	2,4,4,4	1,2,3,3	1,1,3,3	2,2,2,4	1,1,3,4	2,2,4,4	2,3,3,4	1,2,4,4
Ind98	pop4	4	1,1,2,3	1,1,1,4	1,3,4,4	1,2,3,4	1,1,3,4	1,1,2,2	1,1,2,4	1,2,3,4	1,2,2,2	3,3,4,4
Ind99	pop4	4	1,1,1,2	1,3,3,4	1,1,2,3	1,2,2,3	1,3,3,3	1,1,1,2	1,1,1,1	3,3,4,4	1,1,4,4	2,3,3,4
Ind100	pop4	4	2,3,3,3	1,1,3,4	3,4,4,4	2,3,3,4	1,1,1,1	1,1,4,4	1,1,4,4	2,3,4,4	1,1,2,3	3,4,4,4
Ind101	pop4	4	1,2,2,2	1,2,3,3	2,3,3,4	2,3,3,3	1,1,1,1	1,3,4,4	1,2,3,4	2,2,3,4	1,2,4,4	1,2,2,3
Ind102	pop4	4	1,1,2,3	1,1,3,3	1,4,4,4	1,1,2,4	1,3,3,4	1,1,4,4	1,2,2,4	2,2,3,3	2,2,2,3	1,3,3,4
Ind103	pop4	4	1,1,1,3	2,2,3,3	1,1,4,4	3,3,3,4	1,3,3,4	1,1,2,4	1,1,3,3	2,2,3,3	1,1,2,3	1,3,4,4
Ind104	pop4	4	1,1,3,3	1,1,2,2	1,1,3,3	1,1,4,4	1,1,1,3	1,1,4,4	1,2,3,4	2,2,3,3	1,4,4,4	3,3,4,4
Ind105	pop4	4	1,2,3,3	1,1,4,4	1,2,4,4	1,2,3,4	1,1,3,4	1,1,2,4	1,3,4,4	1,2,3,4	1,2,3,4	3,3,3,4
Ind106	pop4	4	2,2,3,4	1,1,2,4	3,4,4,4	2,2,3,3	1,1,3,3	1,1,3,4	2,3,4,4	3,3,3,4	1,1,3,4	1,2,2,3
Ind107	pop4	4	1,2,3,3	1,2,2,3	1,2,4,4	1,2,3,4	1,3,3,4	1,1,1,4	2,2,3,3	2,2,3,4	1,3,4,4	1,3,4,4
Ind108	pop4	4	2,2,3,3	1,1,1,2	2,3,4,4	1,3,3,4	1,1,1,3	1,2,2,3	1,1,2,4	3,4,4,4	2,2,3,4	2,3,4,4
Ind109	pop4	4	1,3,3,3	1,2,4,4	2,4,4,4	1,2,3,4	1,2,3,3	1,1,1,4	1,1,4,4	1,1,4,4	2,2,2,4	4,4,4,4
Ind110	pop4	4	2,3,3,3	2,4,4,4	2,4,4,4	2,2,3,4	1,1,1,1	1,2,2,4	1,1,3,4	2,3,4,4	4,4,4,4	3,3,4,4
Ind111	pop4	4	1,1,1,2	1,1,2,2	1,1,1,3	1,2,3,3	1,1,3,4	1,1,4,4	1,1,2,2	2,3,3,4	1,1,2,4	1,2,3,4
Ind112	pop4	4	1,1,2,3	1,1,2,2	3,4,4,4	3,3,3,4	1,1,1,3	1,1,2,4	1,2,3,3	2,2,2,3	1,1,1,4	2,3,4,4
Ind113	pop4	4	1,2,2,2	1,3,3,4	1,4,4,4	1,1,3,4	1,1,3,4	3,4,4,4	1,3,3,4	3,4,4,4	1,3,3,4	2,3,4,4
Ind114	pop4	4	1,2,2,2	1,1,2,4	1,1,1,4	3,3,3,4	1,3,3,3	1,1,2,2	1,2,4,4	1,2,2,4	2,2,3,4	2,3,4,4
Ind115	pop4	4	1,2,3,3	1,4,4,4	1,3,3,4	3,3,3,4	1,2,3,3	1,2,4,4	1,2,2,2	1,1,2,4	2,4,4,4	1,2,3,4
Ind116	pop4	4	1,1,2,3	1,2,2,4	2,3,4,4	1,2,2,4	1,3,3,4	1,1,1,4	1,3,4,4	2,3,3,4	1,1,4,4	2,3,3,3
Ind117	pop4	4	1,1,2,3	1,1,2,4	1,3,3,4	1,1,3,3	1,1,1,1	1,2,4,4	1,1,2,4	1,2,4,4	2,3,3,4	1,3,3,4
Ind118	pop4	4	1,2,2,2	1,1,2,4	1,3,3,4	1,2,3,3	1,1,3,4	1,1,2,3	1,2,2,4	2,3,4,4	2,2,3,4	3,3,4,4
Ind119	pop4	4	1,1,3,3	1,1,2,3	3,3,4,4	1,1,2,3	1,1,3,4	1,4,4,4	1,1,1,2	1,3,4,4	1,2,2,4	2,4,4,4
Ind120	pop4	4	1,2,2,3	1,1,1,3	2,4,4,4	2,2,2,4	1,3,3,4	1,2,4,4	2,3,3,4	2,2,3,4	2,3,3,4	3,3,4,4
